0.616999986209
0.908999979682
1.09549997551
1.83499995898
2.07899995353
3.0109999327
2.65349994069
4.14499990735
4.33749990305
5.14699988496
6.03349986514
6.76199984886
6.86049984666
8.93699980024
10.0969997743
10.3204997693
11.6634997393
10.4809997657
12.9319997109
10.4769997658
14.2189996822
12.9844997098
16.0364996416
14.943999666
16.9964996201
20.7244995368
19.8934995553
22.636499494
29.8489993328
31.5569992946
33.329999255
35.1549992142
37.4379991632
37.3209991658
36.6144991816
32.7129992688
37.1969991686
38.2294991455
33.2719992563
36.4729991848
36.7179991793
36.1679991916
37.6764991579
36.5359991834
34.4409992302
36.506499184
36.4934991843
33.4349992527
33.866499243
36.6574991806
36.6729991803
37.2939991664
37.3624991649
34.7064992242
36.6154991816
35.0454992167
34.4854992292
35.5974992043
38.5479991384
37.8814991533
34.6009992266
34.940999219
36.0729991937
33.4874992515
32.3254992775
37.0414991721
36.2944991888
34.9209992195
35.5274992059
33.4459992524
36.461499185
32.7299992684
35.6009992043
34.4854992292
33.2169992575
35.1394992146
32.8464992658
36.7519991785
36.5669991827
34.7574992231
35.658999203
35.7149992017
34.1244992373
35.3629992096
33.0729992608
36.0974991932
35.8924991977
35.6364992035
32.436999275
31.986499285
34.7274992238
35.3389992101
33.5254992506
34.8899992201
35.1724992138
34.1724992362
35.1109992152
35.5839992046
35.0109992174
33.1329992594
31.8119992889
34.1174992374
35.2664992117
34.6564992254
35.0809992159
32.256499279
32.5379992727
32.6174992709
33.0129992621
32.6364992705
33.0469992613
31.4679992966
34.3719992317
36.7394991788
31.7444992905
33.3719992541
35.2189992128
36.8429991765
32.2389992794
35.6369992035
35.566999205
33.3624992543
29.3599993438
29.4289993422
30.7674993123
34.3779992316
33.9534992411
35.5119992062
35.3039992109
35.2764992115
32.4039992757
29.8444993329
35.1689992139
32.2704992787
32.6269992707
36.3064991885
35.4194992083
32.0449992837
33.6329992482
30.1129993269
36.193999191
34.4269992305
33.4759992518
35.2439992122
36.1529991919
